lat: 43.639341192451475
lon: 56.33519768405111
orientation: 1.7
scale_x: 20
scale_y: 5
bev_orientation: 0.25
