lat: 43.639341192451475
lon: 56.33519768405111
orientation: 1.7
scale_y: 5
scale_x: 5
