lat: 43.640516
lon: 56.335049