lat: 52.000441437135855
lon: 55.81957703977085
mapfile: alabuga_test.geojson