lat: 43.639341192451475
lon: 56.33519768405111
mapfile: robocross.geojson